basic/bg001.png
3
3 3 3 3 

3333333333
3333333333
3332233333
3332233333
3332222333
3332222333
3332223333
3333333333
3333333333
3333333333
basic/bg002.png
2
3 3 6 3 

3333333333
3333333333
3333223333
3332223333
3332223333
3332222333
3336622333
3336633333
3333633333
3333663333
basic/bg003.png
1
1 1 1 1 
Pennant 
1111111111
1111111111
1111111111
1111111111
1111111111
1111111111
1111111111
1111111111
1111111111
1111111111
basic/bg004.png
3
1 1 3 1 

1111111111
1111111111
1111111111
1111111111
1111111111
1111111111
1111111111
1111333311
1133333311
1333333331
basic/bg005.png
1
1 1 3 1 
Pennant 
1111111111
1111111111
1111111111
1111111111
1111111111
1111111111
1111111111
1111333111
1133333311
1333333331
basic/bg006.png
1
1 1 6 1 

1111111111
1111111111
1111111111
1111111111
1111111111
1111111111
1111111111
1111363111
1133363311
1333363331
basic/bg007.png
2
1 1 6 1 
Pennant 
1111111111
1111111111
1111111111
1111111111
1111111111
1111111111
1111111111
1111363111
1133363311
1333363331
basic/bg008.png
4
1 3 3 1 

1111111111
1111111133
1111111333
1111133333
1111333333
1113333333
1113333333
1113333333
1113333333
1333333333
basic/bg009.png
3
1 3 3 1 
Pennant 
1111111111
1111111133
1111111333
1111133333
1111333333
1113333333
1113333333
1113333333
1133333333
1333333333
basic/bg010.png
4
1 6 6 1 

1111111111
1111111133
1111113333
1111133333
1113333333
1113333366
1113333633
1113336633
1133363333
1333363333
basic/bg011.png
2
1 6 6 1 
Pennant 
1111111111
1111111133
1111133333
1111133333
1111333333
1113333366
1113333633
1113336633
1133363333
1333363333
basic/bg012.png
1
3 1 3 1 

1133333331
1111111111
1111111111
1111111111
1111111111
1111111111
1111111111
1111111111
1133333311
1333333331
basic/bg013.png
2
3 1 3 1 
Pennant 
1133333331
1111111111
1111111111
1111111111
1111111111
1111111111
1111111111
1111111111
1113333331
1333333331
basic/bg014.png
1
1 3 3 1 

1111111111
1111111133
1311113333
1333333333
1133333333
1133333333
1333333333
1333333333
1333333333
1333333333
basic/bg015.png
3
1 3 1 3 

1111111111
3111111113
3331111333
3331113333
3333333333
3333333333
3333333333
3333111113
3311111113
1111111111
basic/bg016.png
3
1 3 3 3 

1111111111
3111111113
3333111333
3333111333
3333333333
3333333333
3333333333
3333333333
3333333333
3333333333
basic/bg017.png
2
1 3 3 3 

1111111111
3111111133
3311133333
3333333333
3333333333
3333333333
3333333333
3333333333
3333333333
3333333333
basic/bg018.png
3
1 3 6 6 

1111111111
3111111133
3311133333
3333333333
3333333333
6666333333
3336633333
3333633333
3333633333
3333633333
basic/bg019.png
3
1 6 6 3 

1111111111
3311111133
3331111333
3333333333
3333333366
3333336633
3333366333
3333633333
3333633333
3333633333
basic/bg020.png
2
1 6 6 6 

1111111111
3311111113
3311111133
3333311133
3333333333
6666443366
3333446633
3333633333
3333633333
3333633333
basic/bg021.png
4
1 6 3 6 
Start
1111111111
3111111113
3311111333
3333333333
6333666666
3666633333
3333333333
3333333333
3333333333
3333333333
basic/bg022.png
4
6 3 6 3 

3333633333
3333633333
3333633333
3333633333
3333633333
3333363333
3333363333
3333363333
3333363333
3333363333
basic/bg023.png
4
6 3 6 3 

3333633333
3333633333
3333633333
3333633333
3333633333
3333363333
3333363333
3333363333
3333363333
3333363333
basic/bg024.png
3
3 3 6 6 

3333333333
3333333333
3333333333
3333333333
6666333333
3333633333
3333363333
3333363333
3333363333
3333363333
basic/bg025.png
3
3 3 6 6 

3333333333
3333333333
3333333333
3333333333
6666333333
3333633333
3333363333
3333363333
3333363333
3333363333
basic/bg026.png
3
3 3 6 6 

3333333333
3333333333
3333333333
3333333333
6666333333
3333633333
3333363333
3333363333
3333363333
3333363333
basic/bg027.png
2
3 6 6 6 

3333333333
3333333333
3333333333
3333333333
6664444463
3333343336
3333363333
3333363333
3333633333
3333633333
basic/bg028.png
1
3 6 6 6 

3333333333
3333333333
3333333333
3333333333
6664444466
3333343333
3333363333
3333363333
3333633333
3333633333
basic/bg029.png
2
6 6 6 6 

3333363333
3333363333
3333363333
3333443333
6664443333
3334444666
3334444333
3333363333
3333363333
3333363333
